3306	3307	50
3306	8883	50
3413	5549	50
3413	392804	50
5700	117208	50
5700	393389	50
6368	52720	50
6368	73545	50
6405	8427	50
6405	130736	50
6880	9162	50
6880	42360	50
7168	52339	50
7168	393116	50
7701	8791	50
7701	128349	50
8427	44592	50
8427	52664	50
8427	52686	50
9467	9047	50
9467	36315	50
9467	9490	50
29477	393101	50
29477	393107	50
29477	52581	50
29510	393661	50
29510	393326	50
29510	391725	50
30315	393209	50
30315	393200	50
32447	38451	50
32447	393443	50
32807	392902	50
32807	117454	50
32807	117456	50
32809	392854	50
32809	392899	50
32809	118399	50
32812	117382	50
32812	117384	50
34077	391736	50
34077	391737	50
34077	392914	50
34659	6634	50
34659	34660	50
34664	34666	50
34664	34665	50
34668	8807	50
34668	52504	50
34742	9205	50
34742	151194	50
35524	34746	50
35524	35525	50
35527	34745	50
35527	151196	50
35532	65616	50
35532	393167	50
35532	70188	50
35598	40189	50
35598	117177	50
36162	151237	50
36162	42718	50
36162	153155	50
36162	148109	50
36315	32447	50
36315	393425	50
36320	36173	50
36320	36322	50
36322	151237	50
36322	42718	50
36481	3413	50
36481	36482	50
36482	392816	50
36482	73481	50
37568	8278	50
37568	73555	50
37721	37723	50
37721	130734	50
40189	148221	50
40189	392256	50
40189	3414	50
40414	36171	50
40414	392795	50
40462	8426	50
40462	46365	50
40487	393200	50
40487	30319	50
42321	7701	50
42321	392777	50
42484	54911	50
42484	123274	50
42488	34671	50
42488	44596	50
42490	44599	50
42490	128342	50
42718	9467	50
42718	94848	50
43253	393209	50
43253	30319	50
44595	34656	50
44595	34659	50
44598	118632	50
44598	128340	50
46327	123260	50
46327	54879	50
46368	7744	50
46368	46369	50
49524	148109	50
49524	42718	50
51801	52337	50
51801	52340	50
52101	393326	50
52101	393080	50
52101	391725	50
52115	52262	50
52115	393251	50
52115	393146	50
52180	117408	50
52180	117461	50
52200	52172	50
52200	118059	50
52200	391316	50
52242	52262	50
52242	393146	50
52242	52269	50
52253	52262	50
52253	393251	50
52253	52269	50
52268	393251	50
52268	393146	50
52268	52269	50
52338	8477	50
52338	44580	50
52339	44578	50
52339	52343	50
52340	9548	50
52340	52336	50
52344	44582	50
52344	52162	50
52435	393131	50
52435	42725	50
52435	392881	50
52440	44598	50
52440	392753	50
52474	7712	50
52474	52454	50
52488	40483	50
52488	393131	50
52488	392881	50
52495	392956	50
52495	54800	50
52495	393619	50
52583	393101	50
52583	393107	50
52583	393068	50
52657	52664	50
52657	52686	50
52669	52664	50
52669	52686	50
52684	52661	50
52684	128343	50
52686	34656	50
52686	34659	50
52710	52687	50
52710	52708	50
52770	52781	50
52770	117998	50
52770	393149	50
52787	393137	50
52787	117998	50
52787	393149	50
52873	52718	50
52873	52724	50
52874	6368	50
52874	52872	50
53679	393245	50
53679	393233	50
53679	393733	50
53763	393233	50
53763	393733	50
53763	54804	50
53791	43745	50
53791	123271	50
54785	46322	50
54785	54809	50
54809	123272	50
54809	123277	50
54852	393245	50
54852	393233	50
54852	54804	50
54862	392956	50
54862	43252	50
54862	54800	50
54879	54910	50
54879	123268	50
54883	123272	50
54883	123277	50
54910	43745	50
54910	123271	50
54919	392956	50
54919	43252	50
54919	393619	50
55910	38451	50
55910	393443	50
56337	8767	50
56337	56340	50
61152	391731	50
61152	391735	50
61152	393431	50
65613	393176	50
65613	393167	50
65613	70188	50
69597	9206	50
69597	69606	50
69603	7494	50
69603	69592	50
69660	69664	50
69660	69665	50
70120	393176	50
70120	65616	50
70120	393167	50
70312	393176	50
70312	65616	50
70312	70188	50
70323	52781	50
70323	393137	50
70323	117998	50
73533	73522	50
73533	90623	50
73556	44568	50
73556	42327	50
73562	6896	50
73562	69605	50
73605	841	50
73605	393005	50
94865	9491	50
94865	94866	50
94866	9467	50
94866	94848	50
116935	116945	50
116935	52101	50
116937	116945	50
116937	52169	50
116944	52169	50
116944	52101	50
117147	117196	50
117147	61755	50
117147	40187	50
117151	117196	50
117151	117145	50
117151	40187	50
117155	117870	50
117155	117852	50
117157	392920	50
117157	391319	50
117157	37720	50
117160	61617	50
117160	391319	50
117160	37720	50
117186	392962	50
117186	40189	50
117194	117145	50
117194	61755	50
117194	40187	50
117201	117196	50
117201	117145	50
117201	61755	50
117202	392962	50
117202	40189	50
117202	117177	50
117203	35599	50
117203	153576	50
117203	392965	50
117206	393389	50
117206	153551	50
117210	117208	50
117210	153551	50
117288	393281	50
117288	117284	50
117288	148013	50
117354	117355	50
117354	393413	50
117354	118360	50
117357	393353	50
117357	393413	50
117357	118360	50
117373	393353	50
117373	117355	50
117373	118360	50
117380	32807	50
117380	117384	50
117386	32807	50
117386	117382	50
117396	393661	50
117396	393080	50
117396	391725	50
117453	392902	50
117453	32812	50
117453	117456	50
117458	392902	50
117458	32812	50
117458	117454	50
117467	393311	50
117467	117405	50
117803	393107	50
117803	393068	50
117803	52581	50
117804	392899	50
117804	392908	50
117804	118399	50
117806	392854	50
117806	392908	50
117806	118399	50
117834	391731	50
117834	391735	50
117834	61177	50
117848	117870	50
117848	392926	50
117858	117852	50
117858	392926	50
117922	8428	50
117922	117923	50
117923	117926	50
117923	52535	50
117970	6653	50
117970	128344	50
117990	52781	50
117990	393137	50
117990	393149	50
118007	52258	50
118007	118008	50
118008	52264	50
118008	52526	50
118057	118059	50
118057	392890	50
118057	391316	50
118064	52172	50
118064	392890	50
118064	391316	50
118289	393101	50
118289	393068	50
118289	52581	50
118363	393353	50
118363	117355	50
118363	393413	50
118393	32812	50
118393	117454	50
118393	117456	50
118402	392854	50
118402	392899	50
118402	392908	50
123266	43252	50
123266	54800	50
123266	393619	50
123272	54911	50
123272	123274	50
123287	54910	50
123287	123268	50
128343	9363	50
128343	52711	50
128344	34661	50
128344	44595	50
128349	73548	50
128349	147991	50
130922	40483	50
130922	393131	50
130922	42725	50
131977	40483	50
131977	42725	50
131977	392881	50
146303	6880	50
146303	148000	50
146430	37721	50
146430	35601	50
147991	8789	50
147991	147992	50
148010	393281	50
148010	117284	50
148010	393341	50
149794	36172	50
149794	94873	50
149801	117284	50
149801	148013	50
149801	393341	50
149805	393281	50
149805	148013	50
149805	393341	50
151182	6405	50
151182	392759	50
151237	9047	50
151237	36315	50
151609	9655	50
151609	147990	50
153577	35599	50
153577	153576	50
153580	35599	50
153580	392965	50
153620	42357	50
153620	52717	50
153621	6782	50
153621	153620	50
391317	52172	50
391317	118059	50
391317	392890	50
391318	392920	50
391318	61617	50
391318	37720	50
391726	393661	50
391726	393326	50
391726	393080	50
391732	391735	50
391732	61177	50
391732	393431	50
391735	391737	50
391735	392914	50
391735	34078	50
391736	391731	50
391736	61177	50
391736	393431	50
391738	391736	50
391738	392914	50
391738	34078	50
391742	391736	50
391742	391737	50
391742	34078	50
392255	392807	50
392255	148221	50
392255	3414	50
392987	36471	50
392987	392990	50
393603	393245	50
393603	393733	50
393603	54804	50
